

Latihan Praktik Nomor 1
>> num = [30];
>> den = [1 8 9 6 1 30];
>> Fungsitf = tf(num,den)

Fungsitf =
 
                   30
  ------------------------------------
  s^5 + 8 s^4 + 9 s^3 + 6 s^2 + s + 30
 
Continuous-time transfer function.
Model Properties
>> [Ac,Bc,Cc,Dc] = tf2ss(num,den)

Ac =

    -8    -9    -6    -1   -30
     1     0     0     0     0
     0     1     0     0     0
     0     0     1     0     0
     0     0     0     1     0


Bc =

     1
     0
     0
     0
     0


Cc =

     0     0     0     0    30


Dc =

     0

>> Af=flipud(Ac)
A=fliplr(Af)
B=flipud(Bc)
C=fliplr(Cc)

Af =

     0     0     0     1     0
     0     0     1     0     0
     0     1     0     0     0
     1     0     0     0     0
    -8    -9    -6    -1   -30


A =

     0     1     0     0     0
     0     0     1     0     0
     0     0     0     1     0
     0     0     0     0     1
   -30    -1    -6    -9    -8


B =

     0
     0
     0
     0
     1


C =

    30     0     0     0     0


Latihan Praktik Nomor 2 A
>> num1 = [8 10];
>> den1 = [1 5 1 5 13];
>> G = tf(num1,den1)

G =
 
            8 s + 10
  ----------------------------
  s^4 + 5 s^3 + s^2 + 5 s + 13
 
Continuous-time transfer function.
Model Properties

>> [Ac,Bc,Cc,Dc] = tf2ss(num1,den1);
>> Af=flipud(Ac)
A=fliplr(Af)
B=flipud(Bc)
C=fliplr(Cc)

Af =

     0     0     1     0
     0     1     0     0
     1     0     0     0
    -5    -1    -5   -13


A =

     0     1     0     0
     0     0     1     0
     0     0     0     1
   -13    -5    -1    -5


B =

     0
     0
     0
     1


C =

    10     8     0     0


Latihan Praktik Nomor 2 B
>> num2 = [1 2 12 7 6];
>> den2 = [1 9 13 8 0 0];
>> G = tf(num2,den2)

G =
 
  s^4 + 2 s^3 + 12 s^2 + 7 s + 6
  ------------------------------
   s^5 + 9 s^4 + 13 s^3 + 8 s^2
 
Continuous-time transfer function.
Model Properties
>> [Ac,Bc,Cc,Dc] = tf2ss(num2,den2);
>> Af=flipud(Ac)
A=fliplr(Af)
B=flipud(Bc)
C=fliplr(Cc)

Af =

     0     0     0     1     0
     0     0     1     0     0
     0     1     0     0     0
     1     0     0     0     0
    -9   -13    -8     0     0


A =

     0     1     0     0     0
     0     0     1     0     0
     0     0     0     1     0
     0     0     0     0     1
     0     0    -8   -13    -9


B =

     0
     0
     0
     0
     1


C =

     6     7    12     2     1


Latihan Praktik Nomor 3
>> A = [3 1 0 4 -2; -3 5 -5 2 -1; 0 1 -1 2 8; -7 6 -3 -4 0; -6 0 4 -3 1];
B = [2;7;8;5;4];
C = [1 -2 -9 7 6];
D = 0;
statespace = ss(A,B,C,D)

statespace =
 
  A = 
       x1  x2  x3  x4  x5
   x1   3   1   0   4  -2
   x2  -3   5  -5   2  -1
   x3   0   1  -1   2   8
   x4  -7   6  -3  -4   0
   x5  -6   0   4  -3   1
 
  B = 
       u1
   x1   2
   x2   7
   x3   8
   x4   5
   x5   4
 
  C = 
       x1  x2  x3  x4  x5
   y1   1  -2  -9   7   6
 
  D = 
       u1
   y1   0
 
Continuous-time state-space model.
Model Properties

>> [num,den]=ss2tf(A,B,C,D);
>> G = tf(num,den)

G =
 
  -25 s^4 - 292 s^3 + 1680 s^2 + 1.628e04 s + 3.187e04
  ----------------------------------------------------
     s^5 - 4 s^4 - 32 s^3 + 148 s^2 - 1153 s - 4480
 
Continuous-time transfer function.
Model Properties
>> 


Latihan Praktik Nomor 4
syms s
A = [3 1 0 4 -2; -3 5 -5 2 -1; 0 1 -1 2 8; -7 6 -3 -4 0; -6 0 4 -3 1];
B = [2;7;8;5;4];
C = [1 -2 -9 7 6];
D = 0;
 I=[1 0 0 0 0;0 1 0 0 0;0 0 1 0 0;0 0 0 1 0;0 0 0 0 1];
 T=C*((s*I-A)^-1)*B+D;
>> pretty(T)
    2                         2                       2                           2
(5 s  + 14 s + 55) 168   (25 s  + 83 s - 131) 8   (8 s  + 23 s - 301) 56   (- 65 s  + 247 s + 1195) 18
---------------------- + ---------------------- + ---------------------- + ---------------------------
          #1                       #1                       #1                          #1

       4      3      2                     4      3      2                        4    3       2
     (s  - 3 s  + 9 s  + 79 s - 62) 24   (s  - 5 s  - 6 s  + 82 s + 135) 72   (- s  + s  + 54 s  + 8 s - 695) 2
   - --------------------------------- + ---------------------------------- + ---------------------------------
                     #1                                  #1                                   #1

         3      2                          3       2                         3      2
     (3 s  - 5 s  + 17 s - 111) 30   (- 6 s  + 21 s  + 34 s - 85) 12   (- 3 s  - 3 s  + 145 s + 91) 56
   + ----------------------------- - ------------------------------- - -------------------------------
                   #1                               #1                                #1

           3       2                        3       2                        3       2
     (- 5 s  - 10 s  + 56 s + 281) 16   (8 s  - 33 s  + 37 s + 450) 36   (2 s  - 40 s  + 11 s + 495) 45
   + -------------------------------- + ------------------------------ + ------------------------------
                    #1                                #1                               #1

           3       2                           3       2                         3      2
     (- 7 s  + 17 s  + 385 s + 175) 14   (- 3 s  + 14 s  + 129 s - 490) 98   (4 s  - 7 s  + 128 s + 519) 48
   - --------------------------------- + --------------------------------- - ------------------------------
                     #1                                  #1                                #1

           3       2                        3       2                         3       2
     (- 4 s  + 12 s  + 159 s - 779) 5   (- s  - 12 s  + 251 s + 860) 63   (- s  - 28 s  + 11 s + 1100) 7
   + -------------------------------- - ------------------------------- + ------------------------------
                    #1                                 #1                               #1

         3       2                           3       2                         4      3       2
     (2 s  - 25 s  + 62 s + 1329) 10   (- 3 s  - 20 s  + 400 s + 1525) 4   (- s  + 8 s  + 22 s  - 290 s + 861) 35
   + ------------------------------- + --------------------------------- + --------------------------------------
                    #1                                 #1                                    #1

         4    3       2                        3       2                       3    2
     (- s  - s  + 23 s  + 147 s + 1060) 14   (s  + 36 s  + 53 s + 258) 8   (2 s  + s  + 121 s + 758) 4
   - ------------------------------------- - --------------------------- + ---------------------------
                       #1                                 #1                            #1

where

            5      4       3        2
   #1 == - s  + 4 s  + 32 s  - 148 s  + 1153 s + 4480
